0 0 73 21 74 21 75 21 
1 20000 71 23 72 23 73 23 
1 -5000 66 23 67 23 68 23 
4 0 63 23 64 23 64 24 
1 10000 60 24 61 24 62 24 
4 0 60 27 61 27 62 27 
1 -5000 65 27 66 27 66 27 
4 0 68 27 69 27 70 27 
15 0 72 27 73 27 74 27 
4 0 77 27 78 27 78 27 
19 0 81 27 79 27 79 27 
2 0 85 27 86 27 88 27 
4 0 91 27 92 27 92 27 
4 0 94 27 95 27 95 27 
1 -5000 97 26 98 26 97 27 
26 0 99 24 100 24 99 25 
4 0 101 22 102 22 101 23 
4 0 103 20 104 20 103 21 
2 0 106 19 106 20 106 20 
1 10000 108 19 109 19 110 19 
8 0 110 21 111 21 111 21 
1 -20000 113 21 113 21 113 21 
4 0 112 23 113 23 114 23 
16 0 110 24 111 24 111 25 
1 -10000 108 26 109 26 108 27 
1 -20000 111 27 112 27 112 27 
3 0 114 27 115 27 117 27 
22 0 120 27 121 27 121 27 
24 0 123 27 125 27 126 27 
1 50000 128 27 129 27 130 27 
20 0 133 27 134 27 135 27 
1 -5000 137 24 138 24 139 24 
9 0 137 22 138 22 139 22 
1 -5000 137 19 138 19 139 19 
2 0 136 15 137 15 138 15 
10 0 132 14 133 14 134 14 
4 0 127 14 128 14 129 14 
1 100000 123 13 124 13 125 13 
11 0 124 11 125 11 125 11 
1 -20000 127 10 128 10 129 10 
4 0 131 10 132 10 133 10 
10 0 136 10 137 10 138 10 
16 0 141 9 142 9 143 9 
2 0 140 5 141 5 142 5 
4 0 135 3 136 3 137 3 
7 0 129 3 130 3 132 3 
6 0 124 3 125 3 126 3 
20 0 117 3 118 3 119 3 
12 0 111 3 113 3 114 3 
1 -40000 107 3 108 3 109 3 
4 0 102 3 103 3 104 3 
3 0 99 4 100 4 100 5 
4 0 97 7 98 7 99 7 
11 0 95 9 96 9 97 9 
20 0 93 10 94 10 94 10 
22 0 92 12 93 12 94 12 
7 0 89 14 90 14 91 14 
4 0 87 13 86 14 87 14 
2 0 84 11 85 11 84 12 
9 0 92 10 93 10 93 10 
29 0 82 8 83 8 84 8 
16 0 82 6 83 6 84 6 
1 100000 82 4 82 4 82 4 
7 0 78 3 79 3 80 3 
1 -20000 76 3 76 3 76 3
3 0 72 3 73 3 73 3
4 0 69 3 70 3 70 3
22 0 66 3 67 3 67 3
27 0 63 3 64 3 64 3
1 -40000 61 3 61 3 61 3
7 0 58 5 59 5 60 5
6 0 57 7 58 7 59 7
1 -40000 57 9 58 9 59 9
2 0 57 11 59 11 60 11
20 0 57 13 58 13 59 13
1 100000 58 15 59 15 60 15
7 0 57 16 57 16 57 16
27 0 54 16 55 16 55 16
13 0 50 16 52 16 52 16
10 0 46 16 47 16 48 16
30 0 42 16 43 16 44 16
2 0 38 16 40 16 40 16
9 0 33 16 34 16 35 16
1 -5000 31 14 32 14 33 14
11 0 35 13 36 13 37 13
6 0 39 13 40 13 41 13
1 500000 40 11 41 11 42 11
9 0 42 9 43 9 44 9
2 0 43 7 45 7 46 7
1 -120000 46 5 47 5 48 5
7 0 47 3 47 3 47 3
4 0 43 3 44 3 44 3
1 100000 39 3 40 3 41 3
25 0 35 3 37 3 37 3
1 -125000 31 3 32 3 33 3
2 0 27 3 29 3 29 3
22 0 24 3 25 3 25 3
1 200000 21 3 22 3 22 3
28 0 18 3 19 3 19 3
7 0 16 3 16 3 16 3
1 -30000 12 3 13 3 13 3
3 0 10 3 9 4 10 4
23 0 6 5 7 5 8 5
14 0 5 8 7 8 8 8
6 0 9 8 10 8 9 9
1 -35000 12 9 13 9 13 9
6 0 15 9 16 9 17 9
2 0 19 9 18 10 20 10
1 -100000 18 13 19 13 20 13
6 0 18 16 19 16 20 16
7 0 14 17 15 17 16 17
6 0 8 17 9 17 10 17
1 -80000 5 17 5 18 6 18
4 0 5 20 5 21 6 21
6 0 5 23 5 24 6 24
2 0 6 28 7 28 8 28
1 -125000 10 28 11 28 12 28
4 0 14 28 15 28 16 28
4 0 18 28 19 28 20 28
1 -65000 22 28 23 28 24 28
4 0 26 28 27 28 28 28
3 0 31 28 32 28 32 28
6 0 34 28 35 28 36 28
4 0 38 28 39 28 40 28
1 -50000 43 28 44 28 45 28
7 0 45 26 46 26 27 26
1 -50000 46 24 47 24 48 24
4 0 45 22 46 22 47 22
2 0 42 21 43 21 43 21
1 -35000 37 21 38 21 39 21
31 0 34 22 35 22 36 22
32 0 33 23 33 24 34 24